biker 0.95659935 982 407 1123 537
biker 0.9473152 1125 287 1163 368
biker 0.9428458 74 544 257 714
biker 0.93379253 1172 278 1207 352
biker 0.93298656 914 166 938 221
biker 0.92782265 952 580 1141 717
biker 0.92721015 722 174 752 233
biker 0.8896902 630 241 669 327
biker 0.8781949 660 221 694 296
biker 0.87491643 666 174 694 226
biker 0.8311223 1246 482 1280 663
biker 0.8024343 690 152 717 209
biker 0.79633033 891 165 915 219
biker 0.7931119 783 122 806 164
biker 0.76308304 1065 177 1088 226
biker 0.71151835 1003 151 1026 199
biker 0.7064315 624 197 656 249