biker 0.9445342 917 262 959 359
biker 0.9441976 1151 312 1192 408
biker 0.9372685 675 193 708 261
biker 0.9318487 710 162 735 213
biker 0.93026084 1186 314 1227 405
biker 0.9024588 1107 203 1134 257
biker 0.89477 114 602 242 720
biker 0.8691232 854 142 877 193
biker 0.86038864 654 184 682 246
biker 0.85575557 601 176 637 237
biker 0.83720773 1176 228 1211 286
biker 0.74708956 1209 231 1241 291
biker 0.73049986 1074 192 1101 247
biker 0.7236262 890 125 913 168
biker 0.71287435 321 215 404 287
biker 0.70945394 1262 374 1280 490
biker 0.7082456 839 133 860 180