biker 0.96261567 685 510 889 679
biker 0.951101 955 386 1074 520
biker 0.9313676 1137 314 1180 407
biker 0.9298041 684 201 720 276
biker 0.9268041 1159 377 1214 497
biker 0.9225631 1119 265 1155 336
biker 0.9206983 998 171 1025 221
biker 0.91445583 572 278 629 363
biker 0.90584207 900 156 924 204
biker 0.89245474 643 230 681 315
biker 0.8725567 779 148 804 196
biker 0.8595336 1044 173 1068 223
biker 0.8529598 749 150 771 193
biker 0.84677535 634 160 658 208
biker 0.8311102 585 207 618 258
biker 0.8261394 719 194 749 262
biker 0.8164743 954 129 975 170