biker 0.94889235 273 490 377 685
biker 0.9479276 1084 500 1181 651
biker 0.9432102 940 321 996 439
biker 0.9431257 1103 356 1152 475
biker 0.9277433 582 265 635 375
biker 0.92725027 493 290 552 404
biker 0.89778566 773 175 801 236
biker 0.87762064 730 604 860 719
biker 0.8742683 670 221 709 309
biker 0.864072 577 222 616 304
biker 0.8634994 615 231 649 313
biker 0.8420428 709 189 739 250
biker 0.827668 972 152 998 196
biker 0.8177833 899 146 922 192
biker 0.81525224 1054 603 1172 719
biker 0.76022536 1146 294 1188 390
biker 0.7400441 735 132 758 173
biker 0.73945254 651 210 685 289
biker 0.73114836 1130 267 1166 341
biker 0.729134 739 187 767 240
biker 0.72787297 516 249 557 321