biker 0.9581215 737 228 777 317
biker 0.9574219 1205 327 1250 412
biker 0.95508426 663 391 754 546
biker 0.9487656 425 360 506 518
biker 0.9484875 606 219 645 301
biker 0.94320625 662 231 698 313
biker 0.9388262 1090 199 1116 251
biker 0.93125635 328 299 425 388
biker 0.92850715 800 137 825 188
biker 0.9244297 205 334 316 448
biker 0.91916513 854 138 879 187
biker 0.91915035 1171 250 1203 314
biker 0.9161326 682 193 715 257
biker 0.9045001 80 405 166 533
biker 0.88814896 1214 261 1250 325
biker 0.8799166 940 136 969 184
biker 0.8648137 875 243 950 333
biker 0.8647887 1017 172 1050 228
biker 0.85806155 1124 210 1152 262
biker 0.8440902 716 155 743 209
biker 0.8374561 773 146 798 194
biker 0.818198 835 118 856 161
biker 0.74584275 895 120 923 163