biker 0.95067847 579 339 638 489
biker 0.94628716 242 492 362 685
biker 0.94484174 633 222 699 297
biker 0.93357056 1060 204 1089 262
biker 0.9304405 612 181 641 238
biker 0.9231561 1092 199 1119 254
biker 0.91999084 807 180 838 241
biker 0.91987365 788 166 815 220
biker 0.9166754 1134 243 1166 308
biker 0.91590685 1209 287 1249 368
biker 0.9072667 1182 243 1214 308
biker 0.8929032 757 135 780 180
biker 0.87878233 869 251 909 344
biker 0.87275654 881 145 905 194
biker 0.83067346 1010 161 1035 212
biker 0.8255197 720 125 743 170
biker 0.82435614 1245 329 1280 430